10
1
130
0
10
4
130
0
10
4
130
0
10
5
130
0
40
3
320
0
10
4
130
0
10
1
130
0
10
2
130
0
10
30
130
1
10
7
130
0
40
8
320
0
40
9
320
0
40
9
320
0
40
10
320
0
10
0
130
0
10
5
130
0
40
2
320
0
40
14
320
0
10
12
130
0
10
8
130
0
10
0
130
0
10
2
130
0
10
2
130
0
10
2
130
0
10
8
130
0
10
8
130
0
10
8
130
0
10
2
130
0
10
3
130
0
10
3
130
0
10
7
130
0
40
8
320
0
10
9
130
0
10
17
130
1
10
17
130
0
40
17
320
0
10
0
130
0
10
0
130
0
10
0
130
0
10
0
130
0
10
0
130
0
10
0
130
0
10
3
130
0
10
0
130
0
10
0
130
0
10
2
130
0
10
13
130
1
10
1
4
0
10
1
2
0
10
4
7
0
10
5
11
0
